0 0 0 0 0 0 0 0 0 0 0 0 0 0 0 0 0 0 
0 0 0 0.393837 0.540263 0.530197 0 0 0 19.6918 27.0132 26.5098 0 0 0 984.592 1350.66 1325.49 
0 0 0 0.785226 1.0742 1.05441 0 0 0 19.5695 26.6968 26.2109 0 0 0 -6.1182 -15.8157 -14.9464 
0 0 0 1.17174 1.59556 1.56674 0 0 0 19.3255 26.0679 25.6164 0 0 0 -12.1984 -31.4463 -29.7243 
0 0 0 1.55097 2.09823 2.0614 0 0 0 18.9614 25.1337 24.7331 0 0 0 -18.2028 -46.7086 -44.167 
0 0 0 1.92056 2.57634 2.53282 0 0 0 18.4796 23.9053 23.5708 0 0 0 -24.094 -61.4239 -58.1117 
0 0 0 2.27821 3.02428 2.97568 0 0 0 17.8829 22.3969 22.1428 0 0 0 -29.8356 -75.42 -71.4011 
0 0 0 2.62171 3.4368 3.38498 0 0 0 17.175 20.6262 20.4651 0 0 0 -35.3917 -88.533 -83.8853 
0 0 0 2.94892 3.80908 3.75611 0 0 0 16.3605 18.614 18.5566 0 0 0 -40.728 -100.609 -95.4237 
0 0 0 3.25781 4.13676 4.08489 0 0 0 15.4442 16.3839 16.4389 0 0 0 -45.8111 -111.507 -105.886 
0 0 0 3.54645 4.416 4.36761 0 0 0 14.432 13.9619 14.1358 0 0 0 -50.6096 -121.1 -115.154 
0 0 0 3.81305 4.64352 4.60108 0 0 0 13.3302 11.3764 11.6733 0 0 0 -55.0936 -129.274 -123.124 
0 0 0 4.05596 4.81668 4.78266 0 0 0 12.1455 8.65768 9.07923 0 0 0 -59.2353 -135.935 -129.706 
0 0 0 4.27367 4.93343 4.91032 0 0 0 10.8853 5.8376 6.38274 0 0 0 -63.0088 -141.004 -134.825 
0 0 0 4.46482 4.99241 4.9826 0 0 0 9.55747 2.94917 3.61427 0 0 0 -66.3909 -144.422 -138.423 
0 0 0 4.62822 4.99294 4.9987 0 0 0 8.17027 0.0261974 0.805047 0 0 0 -69.3603 -146.148 -140.461 
0 0 0 4.76287 4.93499 4.95844 0 0 0 6.73229 -2.89708 -2.01325 0 0 0 -71.8988 -146.164 -140.915 
0 0 0 4.86792 4.81927 4.86226 0 0 0 5.25248 -5.78643 -4.80885 0 0 0 -73.9905 -144.468 -139.78 
0 0 0 4.94272 4.64711 4.71125 0 0 0 3.74003 -8.60803 -7.55023 0 0 0 -75.6225 -141.08 -137.069 
0 0 0 4.98681 4.42053 4.50713 0 0 0 2.20434 -11.3288 -10.2065 0 0 0 -76.7845 -136.04 -132.812 
0 0 0 4.9999 4.14219 4.25217 0 0 0 0.654955 -13.917 -12.7476 0 0 0 -77.4694 -129.407 -127.057 
0 0 0 4.98193 3.81535 3.94927 0 0 0 -0.898502 -16.3421 -15.145 0 0 0 -77.6729 -121.259 -119.87 
0 0 0 4.93301 3.44383 3.60184 0 0 0 -2.44638 -18.576 -17.3716 0 0 0 -77.3937 -111.691 -111.331 
0 0 0 4.85343 3.03198 3.21379 0 0 0 -3.97905 -20.5923 -19.4024 0 0 0 -76.6336 -100.815 -101.537 
0 0 0 4.74369 2.58463 2.78951 0 0 0 -5.487 -22.3674 -21.2143 0 0 0 -75.3973 -88.7586 -90.5979 
0 0 0 4.60447 2.10702 2.33376 0 0 0 -6.96085 -23.8807 -22.7871 0 0 0 -73.6925 -75.6629 -78.6371 
0 0 0 4.43664 1.60473 1.85171 0 0 0 -8.39144 -25.1143 -24.1029 0 0 0 -71.5298 -61.6811 -65.7896 
0 0 0 4.24124 1.08366 1.34877 0 0 0 -9.76989 -26.0539 -25.1469 0 0 0 -68.9226 -46.9771 -52.2002 
0 0 0 4.01949 0.549889 0.830623 0 0 0 -11.0876 -26.6883 -25.9073 0 0 0 -65.8871 -31.7231 -38.0223 
0 0 0 3.77276 0.00968381 0.303111 0 0 0 -12.3365 -27.0103 -26.3756 0 0 0 -62.4422 -16.0975 -23.4155 
0 0 0 3.50259 -0.530635 -0.22782 0 0 0 -13.5087 -27.0159 -26.5465 0 0 0 -58.6093 -0.283485 -8.54479 
0 0 0 3.21065 -1.06474 -0.756181 0 0 0 -14.5969 -26.7053 -26.4181 0 0 0 -54.4122 15.5339 6.42231 
0 0 0 2.89876 -1.58638 -1.27602 0 0 0 -15.5945 -26.0819 -25.9917 0 0 0 -49.877 31.1693 21.317 
0 0 0 2.56886 -2.08944 -1.78146 0 0 0 -16.4951 -25.1531 -25.2723 0 0 0 -45.0318 46.4398 35.9713 
0 0 0 2.22299 -2.56803 -2.26682 0 0 0 -17.2932 -23.9297 -24.2679 0 0 0 -39.9069 61.1665 50.22 
0 0 0 1.86331 -3.01656 -2.72662 0 0 0 -17.9839 -22.4262 -22.9899 0 0 0 -34.5339 75.177 63.9024 
0 0 0 1.49206 -3.42976 -3.15567 0 0 0 -18.5628 -20.6601 -21.4526 0 0 0 -28.9463 88.3071 76.8643 
0 0 0 1.11153 -3.8028 -3.54914 0 0 0 -19.0264 -18.652 -19.6734 0 0 0 -23.1789 100.403 88.9594 
0 0 0 0.724095 -4.13131 -3.90258 0 0 0 -19.3718 -16.4255 -17.6724 0 0 0 -17.2675 111.324 100.051 
0 0 0 0.33216 -4.41145 -4.21203 0 0 0 -19.5967 -14.0067 -15.4721 0 0 0 -11.2487 120.94 110.015 
0 0 0 -0.0618386 -4.63992 -4.47397 0 0 0 -19.6999 -11.4239 -13.0973 0 0 0 -5.16006 129.141 118.738 
0 0 0 -0.455453 -4.81407 -4.68547 0 0 0 -19.6807 -8.7073 -10.5748 0 0 0 0.960655 135.83 126.123 
0 0 0 -0.846237 -4.93184 -4.84413 0 0 0 -19.5392 -5.88875 -7.93314 0 0 0 7.0754 140.928 132.085 
0 0 0 -1.23176 -4.99187 -4.94817 0 0 0 -19.2763 -3.00124 -5.20199 0 0 0 13.1462 144.375 136.558 
0 0 0 -1.60963 -4.99344 -4.99642 0 0 0 -18.8936 -0.0785921 -2.41218 0 0 0 19.1353 146.133 139.491 
0 0 0 -1.9775 -4.93654 -4.98832 0 0 0 -18.3935 2.84498 0.404832 0 0 0 25.0055 146.179 140.851 
0 0 0 -2.33309 -4.82184 -4.92397 0 0 0 -17.7791 5.73524 3.21728 0 0 0 30.7203 144.513 140.622 
0 0 0 -2.67417 -4.65067 -4.8041 0 0 0 -17.0542 8.55834 5.99345 0 0 0 36.2442 141.155 138.808 
0 0 0 -2.99864 -4.42505 -4.63006 0 0 0 -16.2233 11.2812 8.70203 0 0 0 41.5429 136.144 135.429 
0 0 0 -3.30447 -4.14761 -4.40381 0 0 0 -15.2917 13.872 11.3125 0 0 0 46.5834 129.539 130.523 
0 0 0 -3.58977 -3.8216 -4.12791 0 0 0 -14.265 16.3004 13.7954 0 0 0 51.3345 121.417 124.145 
0 0 0 -3.85276 -3.45084 -3.80545 0 0 0 -13.1496 18.5378 16.1227 0 0 0 55.7666 111.874 116.367 
0 0 0 -4.09181 -3.03968 -3.44009 0 0 0 -11.9526 20.5582 18.2683 0 0 0 59.8521 101.02 107.277 
0 0 0 -4.30544 -2.59292 -3.03593 0 0 0 -10.6813 22.3379 20.2078 0 0 0 63.5658 88.9839 96.9771 
0 0 0 -4.49231 -2.1158 -2.59754 0 0 0 -9.34359 23.856 21.9195 0 0 0 66.8844 75.9054 85.5838 
0 0 0 -4.65127 -1.6139 -2.12986 0 0 0 -7.94784 25.0948 23.384 0 0 0 69.7875 61.9381 73.2255 
0 0 0 -4.78132 -1.09311 -1.63816 0 0 0 -6.50271 26.0397 24.5848 0 0 0 72.2568 47.2455 60.0414 
0 0 0 -4.88167 -0.559513 -1.12799 0 0 0 -5.01716 26.6797 25.5084 0 0 0 74.2772 31.9998 46.1804 
0 0 0 -4.95167 -0.0193676 -0.605106 0 0 0 -3.50044 27.0073 26.1444 0 0 0 75.836 16.3793 31.7985 
0 0 0 -4.99091 0.521005 -0.0753951 0 0 0 -1.96197 27.0186 26.4856 0 0 0 76.9236 0.566969 17.0581 
0 0 0 -4.99914 1.05528 0.455166 0 0 0 -0.411306 26.7136 26.5281 0 0 0 77.5332 -15.252 2.12541 
0 0 0 -4.9763 1.57719 0.980595 0 0 0 1.14191 26.0957 26.2715 0 0 0 77.661 -30.8923 -12.8313 
0 0 0 -4.92254 2.08064 1.49497 0 0 0 2.68804 25.1723 25.7186 0 0 0 77.3062 -46.1709 -27.6433 
0 0 0 -4.83819 2.55972 1.99248 0 0 0 4.21746 23.9541 24.8757 0 0 0 76.471 -60.9088 -42.1436 
0 0 0 -4.72378 3.00883 2.46753 0 0 0 5.72067 22.4555 23.7523 0 0 0 75.1607 -74.9336 -56.1687 
0 0 0 -4.58001 3.42271 2.91475 0 0 0 7.18834 20.6939 22.3611 0 0 0 73.3833 -88.0809 -69.5604 
0 0 0 -4.40778 3.79651 3.32911 0 0 0 8.61133 18.6899 20.7178 0 0 0 71.1499 -100.197 -82.1678 
0 0 0 -4.20817 4.12585 3.70592 0 0 0 9.98082 16.4671 18.8408 0 0 0 68.4744 -111.139 -93.8486 
0 0 0 -3.9824 4.40688 4.04095 0 0 0 11.2883 14.0515 16.7514 0 0 0 65.3733 -120.781 -104.471 
0 0 0 -3.73189 4.63631 4.33041 0 0 0 12.5256 11.4714 14.4731 0 0 0 61.8661 -129.008 -113.916 
0 0 0 -3.45819 4.81144 4.57104 0 0 0 13.6851 8.7569 12.0316 0 0 0 57.9744 -135.724 -122.076 
0 0 0 -3.163 4.93024 4.76013 0 0 0 14.7595 5.93988 9.45437 0 0 0 53.7225 -140.851 -128.859 
0 0 0 -2.84815 4.99131 4.89554 0 0 0 15.7423 3.05331 6.77058 0 0 0 49.1367 -144.328 -134.19 
0 0 0 -2.51561 4.99393 4.97575 0 0 0 16.6272 0.130987 4.01044 0 0 0 44.2457 -146.116 -138.007 
0 0 0 -2.16743 4.93807 4.99985 0 0 0 17.4088 -2.79287 1.20508 0 0 0 39.0796 -146.193 -140.268 
0 0 0 -1.80579 4.82439 4.96757 0 0 0 18.0822 -5.68402 -1.61387 0 0 0 33.6708 -144.558 -140.947 
0 0 0 -1.43292 4.65422 4.87928 0 0 0 18.6433 -8.50862 -4.41462 0 0 0 28.0527 -141.23 -140.038 
0 0 0 -1.05115 4.42955 4.73597 0 0 0 19.0885 -11.2336 -7.16559 0 0 0 22.2603 -136.248 -137.549 
0 0 0 -0.662853 4.15301 4.53925 0 0 0 19.4151 -13.827 -9.83576 0 0 0 16.3295 -129.671 -133.509 
0 0 0 -0.270433 3.82784 4.29135 0 0 0 19.621 -16.2585 -12.395 0 0 0 10.2973 -121.576 -127.963 
0 0 0 0.123668 3.45784 3.99506 0 0 0 19.705 -18.4996 -14.8145 0 0 0 4.20114 -112.057 -120.975 
0 0 0 0.517 3.04736 3.65372 0 0 0 19.6666 -20.5242 -17.067 0 0 0 -1.92116 -101.225 -112.622 
0 0 0 0.907119 2.60119 3.27119 0 0 0 19.506 -22.3083 -19.127 0 0 0 -8.03152 -89.2088 -103 
0 0 0 1.2916 2.12457 2.85176 0 0 0 19.2241 -23.8313 -20.9713 0 0 0 -14.092 -76.1476 -92.2158 
0 0 0 1.66806 1.62306 2.40018 0 0 0 18.8228 -25.0752 -22.5791 0 0 0 -20.0649 -62.1948 -80.392 
0 0 0 2.03415 1.10255 1.92153 0 0 0 18.3046 -26.0255 -23.9323 0 0 0 -25.9131 -47.5138 -67.6618 
0 0 0 2.3876 0.569135 1.42122 0 0 0 17.6726 -26.671 -25.0157 0 0 0 -31.6002 -32.2763 -54.1686 
0 0 0 2.72622 0.0290513 0.904876 0 0 0 16.9307 -27.0042 -25.817 0 0 0 -37.0911 -16.6609 -40.0646 
0 0 0 3.04789 -0.511373 0.378333 0 0 0 16.0837 -27.0212 -26.3272 0 0 0 -42.3514 -0.850451 -25.5088 
0 0 0 3.35063 -1.04581 -0.152477 0 0 0 15.1367 -26.7218 -26.5405 0 0 0 -47.3486 14.97 -10.6653 
0 0 0 3.63254 -1.568 -0.681568 0 0 0 14.0957 -26.1095 -26.4545 0 0 0 -52.0515 30.6151 4.29838 
0 0 0 3.89188 -2.07183 -1.20297 0 0 0 12.9671 -25.1915 -26.0703 0 0 0 -56.431 45.9018 19.2136 
0 0 0 4.12704 -2.5514 -1.71081 0 0 0 11.7579 -23.9784 -25.392 0 0 0 -60.4599 60.651 33.9122 
0 0 0 4.33655 -3.00109 -2.19936 0 0 0 10.4756 -22.4846 -24.4274 0 0 0 -64.113 74.6899 48.2284 
0 0 0 4.51912 -3.41564 -2.66311 0 0 0 9.12828 -20.7276 -23.1874 0 0 0 -67.3678 87.8543 62.0007 
0 0 0 4.6736 -3.7902 -3.09683 0 0 0 7.7242 -18.7278 -21.6859 0 0 0 -70.2039 99.9899 75.0739 
0 0 0 4.79904 -4.12037 -3.49563 0 0 0 6.27213 -16.5087 -19.9399 0 0 0 -72.6038 110.955 87.3006 
0 0 0 4.89467 -4.4023 -3.85501 0 0 0 4.78108 -14.0963 -17.9691 0 0 0 -74.5525 120.62 98.5429 
0 0 0 4.95987 -4.63267 -4.17092 0 0 0 3.26032 -11.5188 -15.7956 0 0 0 -76.038 128.873 108.674 
0 0 0 4.99426 -4.8088 -4.4398 0 0 0 1.7193 -8.80645 -13.444 0 0 0 -77.051 135.617 117.58 
0 0 0 4.99761 -4.92862 -4.65862 0 0 0 0.167595 -5.99098 -10.9408 0 0 0 -77.5851 140.773 125.159 
0 0 0 4.96991 -4.99073 -4.8249 0 0 0 -1.38515 -3.10536 -8.31426 0 0 0 -77.6372 144.281 131.328 
0 0 0 4.91132 -4.9944 -4.93678 0 0 0 -2.92929 -0.183381 -5.59395 0 0 0 -77.2068 146.099 136.016 
0 0 0 4.82222 -4.93958 -4.99299 0 0 0 -4.45522 2.74075 -2.81056 0 0 0 -76.2967 146.207 139.169 
0 0 0 4.70315 -4.82692 -4.9929 0 0 0 -5.95347 5.63279 0.00452559 0 0 0 -74.9125 144.602 140.754 
0 0 0 4.55485 -4.65775 -4.93651 0 0 0 -7.41473 8.45887 2.81956 0 0 0 -73.0628 141.304 140.752 
0 0 0 4.37825 -4.43403 -4.82446 0 0 0 -8.82991 11.1859 5.60279 0 0 0 -70.759 136.351 139.162 
0 0 0 4.17445 -4.15839 -4.658 0 0 0 -10.1902 13.7819 8.32285 0 0 0 -68.0156 129.802 136.003 
0 0 0 3.94471 -3.83406 -4.43902 0 0 0 -11.4872 16.2166 10.9491 0 0 0 -64.8495 121.733 131.31 
0 0 0 3.69045 -3.46483 -4.16998 0 0 0 -12.7128 18.4614 13.4518 0 0 0 -61.2805 112.239 125.137 
0 0 0 3.41326 -3.05503 -3.85392 0 0 0 -13.8594 20.49 15.8029 0 0 0 -57.3307 101.43 117.553 
0 0 0 3.11486 -2.60946 -3.49441 0 0 0 -14.9199 22.2786 17.9757 0 0 0 -53.0246 89.4334 108.643 
0 0 0 2.79711 -2.13333 -3.09549 0 0 0 -15.8877 23.8064 19.9459 0 0 0 -48.389 76.3896 98.5085 
0 0 0 2.46197 -1.63222 -2.66167 0 0 0 -16.7568 25.0555 21.6912 0 0 0 -43.4527 62.4513 87.2629 
0 0 0 2.11154 -1.112 -2.19783 0 0 0 -17.5217 26.0111 23.1918 0 0 0 -38.2464 47.7818 75.0333 
0 0 0 1.74799 -0.578755 -1.70921 0 0 0 -18.1777 26.6622 24.431 0 0 0 -32.8025 32.5528 61.9576 
0 0 0 1.37357 -0.0387349 -1.20132 0 0 0 -18.7208 27.001 25.3946 0 0 0 -27.1547 16.9425 48.1832 
0 0 0 0.990617 0.501739 -0.679879 0 0 0 -19.1476 27.0237 26.072 0 0 0 -21.3382 1.13393 33.8655 
0 0 0 0.601509 1.03634 -0.150773 0 0 0 -19.4554 26.7299 26.4553 0 0 0 -15.3891 -14.688 19.166 
0 0 0 0.208664 1.5588 0.380033 0 0 0 -19.6423 26.1232 26.5403 0 0 0 -9.34436 -30.3379 4.25034 
0 0 0 -0.185478 2.06301 0.906553 0 0 0 -19.7071 25.2105 26.326 0 0 0 -3.24156 -45.6325 -10.7132 
0 0 0 -0.578467 2.54306 1.42285 0 0 0 -19.6495 24.0027 25.8149 0 0 0 2.88138 -60.3928 -25.556 
0 0 0 -0.967862 2.99334 1.9231 0 0 0 -19.4697 22.5137 25.0127 0 0 0 8.98642 -74.446 -40.1106 
0 0 0 -1.35124 3.40856 2.40167 0 0 0 -19.169 20.7612 23.9284 0 0 0 15.0356 -87.6274 -54.2129 
0 0 0 -1.72623 3.78387 2.85316 0 0 0 -18.7492 18.7655 22.5743 0 0 0 20.9914 -99.7827 -67.7039 
0 0 0 -2.09048 4.11488 3.27247 0 0 0 -18.2129 16.5501 20.9657 0 0 0 26.8167 -110.77 -80.4315 
0 0 0 -2.44175 4.3977 3.65489 0 0 0 -17.5634 14.141 19.1207 0 0 0 32.4754 -120.459 -92.2521 
0 0 0 -2.77785 4.62902 3.99609 0 0 0 -16.8047 11.5662 17.06 0 0 0 37.9323 -128.739 -103.032 
0 0 0 -3.09668 4.80614 4.29223 0 0 0 -15.9416 8.85598 14.807 0 0 0 43.1535 -135.51 -112.651 
0 0 0 -3.39627 4.92698 4.53997 0 0 0 -14.9795 6.04207 12.387 0 0 0 48.1065 -140.696 -120.999 
0 0 0 -3.67475 4.99013 4.73652 0 0 0 -13.9243 3.15741 9.82735 0 0 0 52.7606 -144.233 -127.983 
0 0 0 -3.93041 4.99484 4.87965 0 0 0 -12.7826 0.235774 7.15688 0 0 0 57.0868 -146.082 -133.524 
0 0 0 -4.16163 4.94107 4.96777 0 0 0 -11.5614 -2.68862 4.4057 0 0 0 61.0583 -146.22 -137.559 
0 0 0 -4.367 4.82944 4.99986 0 0 0 -10.2684 -5.58153 1.60484 0 0 0 64.6504 -144.646 -140.043 
0 0 0 -4.54523 4.66126 4.97558 0 0 0 -8.91157 -8.40908 -1.21412 0 0 0 67.8408 -141.378 -140.948 
0 0 0 -4.69522 4.4385 4.89519 0 0 0 -7.49938 -11.1382 -4.01939 0 0 0 70.6096 -136.454 -140.263 
0 0 0 -4.81603 4.16376 4.75961 0 0 0 -6.04059 -13.7368 -6.77933 0 0 0 72.9396 -129.933 -137.997 
0 0 0 -4.90692 3.84027 4.57035 0 0 0 -4.54426 -16.1746 -9.46283 0 0 0 74.8164 -121.89 -134.175 
0 0 0 -4.96731 3.47181 4.32956 0 0 0 -3.01969 -18.423 -12.0396 0 0 0 76.2283 -112.42 -128.84 
0 0 0 -4.99684 3.06269 4.03995 0 0 0 -1.47636 -20.4557 -14.4807 0 0 0 77.1665 -101.634 -122.052 
0 0 0 -4.99532 2.61771 3.70478 0 0 0 0.0761412 -22.2489 -16.7584 0 0 0 77.6252 -89.6576 -113.887 
0 0 0 -4.96275 2.14208 3.32783 0 0 0 1.62817 -23.7815 -18.8472 0 0 0 77.6016 -76.6313 -104.439 
0 0 0 -4.89935 1.64137 2.91337 0 0 0 3.17009 -25.0357 -20.7234 0 0 0 77.0957 -62.7076 -93.8127 
0 0 0 -4.8055 1.12144 2.46605 0 0 0 4.6923 -25.9967 -22.366 0 0 0 76.1108 -48.0497 -82.1287 
0 0 0 -4.6818 0.588373 1.99092 0 0 0 6.18536 -26.6532 -23.7564 0 0 0 74.6529 -32.8291 -69.5186 
0 0 0 -4.529 0.0484183 1.49334 0 0 0 7.63998 -26.9977 -24.8789 0 0 0 72.7311 -17.2241 -56.1246 
0 0 0 -4.34806 -0.492103 0.978924 0 0 0 9.04713 -27.0261 -25.7208 0 0 0 70.3574 -1.4174 -42.0977 
0 0 0 -4.14009 -1.02686 0.453469 0 0 0 10.3981 -26.7379 -26.2728 0 0 0 67.5465 14.4059 -27.5962 
0 0 0 -3.90641 -1.5496 -0.0770997 0 0 0 11.6844 -26.1367 -26.5284 0 0 0 64.3158 30.0605 -12.7834 
0 0 0 -3.64845 -2.05419 -0.606799 0 0 0 12.8981 -25.2295 -26.4849 0 0 0 60.6855 45.3631 2.17346 
0 0 0 -3.36781 -2.53472 -1.12966 0 0 0 14.0316 -24.0268 -26.1428 0 0 0 56.6781 60.1345 17.1059 
0 0 0 -3.06625 -2.98558 -1.63977 0 0 0 15.078 -22.5427 -25.5059 0 0 0 52.3185 74.2018 31.8454 
0 0 0 -2.74564 -3.40147 -2.1314 0 0 0 16.0307 -20.7947 -24.5814 0 0 0 47.6338 87.4001 46.2258 
0 0 0 -2.40796 -3.77754 -2.599 0 0 0 16.8838 -18.8032 -23.3797 0 0 0 42.6531 99.5751 60.0849 
0 0 0 -2.05532 -4.10937 -3.03728 0 0 0 17.6319 -16.5916 -21.9144 0 0 0 37.4074 110.584 73.2666 
0 0 0 -1.68991 -4.39308 -3.44132 0 0 0 18.2705 -14.1856 -20.2019 0 0 0 31.9292 120.298 85.622 
0 0 0 -1.314 -4.62535 -3.80656 0 0 0 18.7955 -11.6135 -18.2617 0 0 0 26.2526 128.604 97.012 
0 0 0 -0.929928 -4.80346 -4.12887 0 0 0 19.2038 -8.90547 -16.1155 0 0 0 20.4129 135.403 107.308 
0 0 0 -0.540074 -4.92532 -4.40462 0 0 0 19.4927 -6.09313 -13.7877 0 0 0 14.4463 140.617 116.394 
0 0 0 -0.146863 -4.98951 -4.63071 0 0 0 19.6605 -3.20944 -11.3043 0 0 0 8.38997 144.184 124.168 
0 0 0 0.24726 -4.99527 -4.80458 0 0 0 19.7062 -0.288166 -8.69348 0 0 0 2.2815 146.064 130.541 
0 0 0 0.639847 -4.94254 -4.92427 0 0 0 19.6293 2.63648 -5.98463 0 0 0 -3.84115 146.232 135.443 
0 0 0 1.02846 -4.83194 -4.98843 0 0 0 19.4305 5.53025 -3.20829 0 0 0 -9.93993 144.689 138.817 
0 0 0 1.41068 -4.66475 -4.99635 0 0 0 19.111 8.35927 -0.395782 0 0 0 -15.9769 141.451 140.626 
0 0 0 1.78413 -4.44295 -4.94793 0 0 0 18.6727 11.0904 2.42119 0 0 0 -21.9147 136.557 140.849 
0 0 0 2.1465 -4.16911 -4.84371 0 0 0 18.1184 13.6917 5.21087 0 0 0 -27.7162 130.063 139.484 
0 0 0 2.49553 -3.84646 -4.68487 0 0 0 17.4515 16.1326 7.94178 0 0 0 -33.3456 122.047 136.546 
0 0 0 2.82905 -3.47877 -4.47321 0 0 0 16.6761 18.3846 10.5831 0 0 0 -38.7677 112.602 132.068 
0 0 0 3.14499 -3.07034 -4.21111 0 0 0 15.7971 20.4214 13.1052 0 0 0 -43.9489 101.838 126.101 
0 0 0 3.44139 -2.62596 -3.90152 0 0 0 14.82 22.219 15.4794 0 0 0 -48.857 89.8815 118.712 
0 0 0 3.71641 -2.15083 -3.54794 0 0 0 13.7508 23.7565 17.6791 0 0 0 -53.4616 76.8727 109.985 
0 0 0 3.96833 -1.65051 -3.15435 0 0 0 12.5961 25.0158 19.6795 0 0 0 -57.7339 62.9636 100.017 
0 0 0 4.19559 -1.13087 -2.72519 0 0 0 11.3631 25.9821 21.4579 0 0 0 -61.6475 48.3174 88.9221 
0 0 0 4.39678 -0.597988 -2.2653 0 0 0 10.0596 26.6442 22.9944 0 0 0 -65.178 33.1053 76.824 
0 0 0 4.57065 -0.0581016 -1.77987 0 0 0 8.6935 26.9943 24.2716 0 0 0 -68.3034 17.5056 63.8596 
0 0 0 4.71612 0.482465 -1.27437 0 0 0 7.27341 27.0283 25.2751 0 0 0 -71.0045 1.70087 50.1751 
0 0 0 4.83228 1.01738 -0.754496 0 0 0 5.80813 26.7459 25.9936 0 0 0 -73.2643 -14.1237 35.9248 
0 0 0 4.91842 1.54039 -0.226117 0 0 0 4.30675 26.1502 26.419 0 0 0 -75.0689 -29.783 21.2695 
0 0 0 4.97399 2.04535 0.304812 0 0 0 2.77861 25.2483 26.5465 0 0 0 -76.407 -45.0935 6.37431 
0 0 0 4.99866 2.52637 0.832304 0 0 0 1.2332 24.0508 26.3746 0 0 0 -77.2703 -59.8759 -8.59276 
0 0 0 4.99226 2.9778 1.35041 0 0 0 -0.319866 22.5717 25.9053 0 0 0 -77.6534 -73.9573 -23.4629 
0 0 0 4.95484 3.39437 1.85329 0 0 0 -1.87095 20.8282 25.144 0 0 0 -77.5541 -87.1726 -38.0685 
0 0 0 4.88663 3.77119 2.33527 0 0 0 -3.4104 18.8409 24.0991 0 0 0 -76.9728 -99.3671 -52.2449 
0 0 0 4.78806 4.10384 2.79092 0 0 0 -4.92867 16.6329 22.7824 0 0 0 -75.9132 -110.398 -65.8321 
0 0 0 4.65973 4.38845 3.2151 0 0 0 -6.4163 14.2302 21.2089 0 0 0 -74.3818 -120.136 -78.677 
0 0 0 4.50245 4.62166 3.60302 0 0 0 -7.86407 11.6608 19.3962 0 0 0 -72.3883 -128.468 -90.6347 
0 0 0 4.31719 4.80076 3.95032 0 0 0 -9.26297 8.95493 17.3648 0 0 0 -69.945 -135.295 -101.57 
0 0 0 4.1051 4.92365 4.25307 0 0 0 -10.6043 6.14416 15.1376 0 0 0 -67.067 -140.538 -111.361 
0 0 0 3.86751 4.98887 4.50786 0 0 0 -11.8798 3.26146 12.7397 0 0 0 -63.7723 -144.135 -119.895 
0 0 0 3.60588 4.99569 4.71183 0 0 0 -13.0814 0.340557 10.1981 0 0 0 -60.0812 -146.045 -127.078 
0 0 0 3.32185 4.944 4.86266 0 0 0 -14.2017 -2.58433 7.54155 0 0 0 -56.0169 -146.244 -132.828 
0 0 0 3.01717 4.83442 4.95866 0 0 0 -15.2338 -5.47895 4.79995 0 0 0 -51.6045 -144.731 -137.08 
0 0 0 2.69375 4.66823 4.99874 0 0 0 -16.1712 -8.30942 2.00423 0 0 0 -46.8714 -141.523 -139.786 
0 0 0 2.35358 4.44738 4.98246 0 0 0 -17.0082 -11.0426 -0.814094 0 0 0 -41.847 -136.658 -140.916 
0 0 0 1.99879 4.17445 4.90999 0 0 0 -17.7394 -13.6465 -3.62324 0 0 0 -36.5626 -130.193 -140.457 
0 0 0 1.63159 3.85264 4.78216 0 0 0 -18.3604 -16.0905 -6.39152 0 0 0 -31.051 -122.203 -138.414 
0 0 0 1.25424 3.48572 4.60041 0 0 0 -18.8674 -18.3462 -9.08774 0 0 0 -25.3465 -112.783 -134.811 
0 0 0 0.869097 3.07798 4.36678 0 0 0 -19.2571 -20.387 -11.6815 0 0 0 -19.4844 -102.041 -129.687 
0 0 0 0.478555 2.6342 4.08391 0 0 0 -19.5271 -22.1891 -14.1435 0 0 0 -13.5013 -90.1051 -123.101 
0 0 0 0.0850399 2.15957 3.75499 0 0 0 -19.6758 -23.7314 -16.446 0 0 0 -7.4343 -77.1138 -115.127 
0 0 0 -0.309004 1.65965 3.38373 0 0 0 -19.7022 -24.9958 -18.5631 0 0 0 -1.32108 -63.2194 -105.854 
0 0 0 -0.701128 1.1403 2.97431 0 0 0 -19.6062 -25.9675 -20.4709 0 0 0 4.80034 -48.5849 -95.3883 
0 0 0 -1.08889 0.607601 2.53135 0 0 0 -19.3884 -26.6351 -22.1478 0 0 0 10.8919 -33.3814 -83.8467 
0 0 0 -1.4699 0.0677846 2.05985 0 0 0 -19.05 -26.9908 -23.575 0 0 0 16.9158 -17.787 -71.3596 
0 0 0 -1.84176 -0.472826 1.56512 0 0 0 -18.5933 -27.0305 -24.7364 0 0 0 22.8346 -1.98434 -58.0679 
0 0 0 -2.20218 -1.0079 1.05275 0 0 0 -18.0211 -26.7537 -25.6188 0 0 0 28.6115 13.8416 -44.1214 
0 0 0 -2.54892 -1.53117 0.528502 0 0 0 -17.3369 -26.1636 -26.2123 0 0 0 34.2106 29.5054 -29.6773 
0 0 0 -2.87982 -2.03651 -0.00170473 0 0 0 -16.545 -25.2671 -26.5103 0 0 0 39.5972 44.8237 -14.8986 
0 0 0 -3.19283 -2.51801 -0.531892 0 0 0 -15.6502 -24.0748 -26.5094 0 0 0 44.7377 59.6171 0.0480569 
0 0 0 -3.48599 -2.97002 -1.05608 0 0 0 -14.6582 -22.6005 -26.2095 0 0 0 49.6001 73.7125 14.9942 
0 0 0 -3.75749 -3.38725 -1.56836 0 0 0 -13.5751 -20.8616 -25.614 0 0 0 54.1544 86.9447 29.7713 
0 0 0 -4.00565 -3.76482 -2.06296 0 0 0 -12.4077 -18.8784 -24.7298 0 0 0 58.3721 99.1588 44.2126 
0 0 0 -4.22891 -4.0983 -2.53429 0 0 0 -11.1631 -16.6742 -23.5667 0 0 0 62.2272 110.212 58.1555 
0 0 0 -4.42589 -4.3838 -2.97705 0 0 0 -9.84922 -14.2747 -22.1378 0 0 0 65.6955 119.974 71.4425 
0 0 0 -4.59537 -4.61796 -3.38624 0 0 0 -8.4741 -11.7081 -20.4594 0 0 0 68.7557 128.332 83.924 
0 0 0 -4.7363 -4.79805 -3.75724 0 0 0 -7.04633 -9.00435 -18.5502 0 0 0 71.3885 135.187 95.4591 
0 0 0 -4.8478 -4.92195 -4.08588 0 0 0 -5.57478 -6.19518 -16.4318 0 0 0 73.5778 140.459 105.918 
0 0 0 -4.92917 -4.98822 -4.36844 0 0 0 -4.06858 -3.31346 -14.1282 0 0 0 75.3099 144.086 115.182 
0 0 0 -4.97991 -4.99608 -4.60174 0 0 0 -2.5371 -0.392947 -11.6652 0 0 0 76.574 146.026 123.148 
0 0 0 -4.99971 -4.94544 -4.78316 0 0 0 -0.989853 2.53217 -9.07073 0 0 0 77.3622 146.256 129.725 
0 0 0 -4.98844 -4.83688 -4.91064 0 0 0 0.563542 5.42763 -6.37395 0 0 0 77.6698 144.773 134.839 
0 0 0 -4.94617 -4.67169 -4.98274 0 0 0 2.11344 8.25954 -3.6053 0 0 0 77.4947 141.595 138.432 
0 0 0 -4.87316 -4.4518 -4.99866 0 0 0 3.6502 10.9947 -0.796 0 0 0 76.8381 136.76 140.465 
0 0 0 -4.76988 -4.17977 -4.95822 0 0 0 5.16428 13.6012 2.02228 0 0 0 75.704 130.322 140.914 
0 0 0 -4.63695 -3.85881 -4.86186 0 0 0 6.64626 16.0484 4.81775 0 0 0 74.0994 122.359 139.774 
0 0 0 -4.47521 -3.49265 -4.71068 0 0 0 8.08695 18.3076 7.5589 0 0 0 72.0344 112.963 137.057 
0 0 0 -4.28567 -3.0856 -4.50639 0 0 0 9.47739 20.3525 10.2148 0 0 0 69.5219 102.244 132.796 
0 0 0 -4.06949 -2.64242 -4.25128 0 0 0 10.8089 22.1591 12.7555 0 0 0 66.5773 90.3283 127.037 
0 0 0 -3.82802 -2.1683 -3.94823 0 0 0 12.0733 23.7062 15.1524 0 0 0 63.2189 77.3546 119.845 
0 0 0 -3.56277 -1.66878 -3.60066 0 0 0 13.2627 24.9757 17.3785 0 0 0 59.4678 63.475 111.302 
0 0 0 -3.27538 -1.14973 -3.21249 0 0 0 14.3696 25.9527 19.4086 0 0 0 55.3471 48.8522 101.504 
0 0 0 -2.96763 -0.617212 -2.78809 0 0 0 15.3873 26.6259 21.2198 0 0 0 50.8825 33.6573 90.561 
0 0 0 -2.64144 -0.0774674 -2.33226 0 0 0 16.3093 26.9872 22.7917 0 0 0 46.1017 18.0683 78.5972 
0 0 0 -2.29884 0.463184 -1.85012 0 0 0 17.13 27.0326 24.1067 0 0 0 41.0345 2.26779 65.7471 
0 0 0 -1.94196 0.998413 -1.34713 0 0 0 17.8442 26.7614 25.1498 0 0 0 35.7122 -13.5593 52.1556 
0 0 0 -1.57301 1.52195 -0.828942 0 0 0 18.4476 26.1769 25.9093 0 0 0 30.1681 -29.2276 37.976 
0 0 0 -1.19428 2.02767 -0.301409 0 0 0 18.9363 25.2858 26.3767 0 0 0 24.4365 -44.5537 23.3682 
0 0 0 -0.808133 2.50964 0.229523 0 0 0 19.3074 24.0986 26.5466 0 0 0 18.553 -59.3581 8.49682 
0 0 0 -0.416964 2.96222 0.757866 0 0 0 19.5585 22.6293 26.4172 0 0 0 12.5542 -73.4674 -6.47032 
0 0 0 -0.0232037 3.38012 1.27766 0 0 0 19.688 20.8949 25.9899 0 0 0 6.47748 -86.7165 -21.3645 
0 0 0 0.370701 3.75844 1.78306 0 0 0 19.6952 18.9159 25.2695 0 0 0 0.360466 -98.9501 -36.0178 
0 0 0 0.762302 4.09275 2.26834 0 0 0 19.5801 16.7154 24.2642 0 0 0 -5.75879 -110.025 -50.2649 
0 0 0 1.14917 4.37913 2.72805 0 0 0 19.3432 14.3192 22.9853 0 0 0 -11.8423 -119.812 -63.9452 
0 0 0 1.52889 4.61424 3.15699 0 0 0 18.9862 11.7553 21.4472 0 0 0 -17.8521 -128.195 -76.9045 
0 0 0 1.89911 4.79531 3.55034 0 0 0 18.5111 9.05374 19.6673 0 0 0 -23.7511 -135.078 -88.9966 
0 0 0 2.25753 4.92024 3.90365 0 0 0 17.9211 6.24617 17.6656 0 0 0 -29.5025 -140.379 -100.085 
0 0 0 2.60193 4.98755 4.21294 0 0 0 17.2197 3.36546 15.4647 0 0 0 -35.0705 -144.036 -110.045 
0 0 0 2.93015 4.99645 4.47473 0 0 0 16.4113 0.445336 13.0894 0 0 0 -40.4206 -146.006 -118.764 
0 0 0 3.24017 4.94685 4.68606 0 0 0 15.5009 -2.48 10.5665 0 0 0 -45.5195 -146.267 -126.144 
0 0 0 3.53005 4.83933 4.84455 0 0 0 14.4942 -5.37629 7.92451 0 0 0 -50.3356 -144.815 -132.102 
0 0 0 3.798 4.67513 4.94842 0 0 0 13.3974 -8.20964 5.19311 0 0 0 -54.8389 -141.667 -136.57 
0 0 0 4.04235 4.4562 4.99648 0 0 0 12.2174 -10.9468 2.40317 0 0 0 -59.0015 -136.86 -139.497 
0 0 0 4.26158 4.18508 4.9882 0 0 0 10.9614 -13.5559 -0.413882 0 0 0 -62.7974 -130.451 -140.852 
0 0 0 4.45432 3.86496 4.92368 0 0 0 9.63735 -16.0062 -3.22626 0 0 0 -66.203 -122.515 -140.619 
0 0 0 4.61939 3.49958 4.80363 0 0 0 8.25341 -18.269 -6.00226 0 0 0 -69.1973 -113.143 -138.8 
0 0 0 4.75576 3.09322 4.62942 0 0 0 6.81817 -20.318 -8.71058 0 0 0 -71.7617 -102.447 -135.416 
0 0 0 4.86257 2.65064 4.40301 0 0 0 5.34057 -22.129 -11.3207 0 0 0 -73.88 -90.5512 -130.505 
0 0 0 4.93916 2.17702 4.12694 0 0 0 3.82978 -23.6809 -13.8031 0 0 0 -75.5393 -77.5951 -124.122 
0 0 0 4.98507 1.67791 3.80435 0 0 0 2.2952 -24.9555 -16.1299 0 0 0 -76.7292 -63.7303 -116.34 
0 0 0 4.99999 1.15915 3.43885 0 0 0 0.746353 -25.9379 -18.2748 0 0 0 -77.4424 -49.1193 -107.246 
0 0 0 4.98385 0.626821 3.03457 0 0 0 -0.807132 -26.6165 -20.2137 0 0 0 -77.6742 -33.9331 -96.9423 
0 0 0 4.93674 0.0871499 2.59608 0 0 0 -2.3556 -26.9835 -21.9246 0 0 0 -77.4235 -18.3496 -85.5457 
0 0 0 4.85895 -0.453541 2.12832 0 0 0 -3.88943 -27.0346 -23.3883 0 0 0 -76.6916 -2.55124 -73.1844 
0 0 0 4.75097 -0.988922 1.63655 0 0 0 -5.3991 -26.769 -24.5882 0 0 0 -75.4832 13.277 -59.998 
0 0 0 4.61346 -1.51272 1.12633 0 0 0 -6.87521 -26.19 -25.5109 0 0 0 -73.8057 28.9498 -46.1349 
0 0 0 4.44729 -2.01881 0.603414 0 0 0 -8.3086 -25.3044 -26.146 0 0 0 -71.6696 44.2836 -31.7517 
0 0 0 4.25349 -2.50126 0.0736906 0 0 0 -9.69036 -24.1224 -26.4862 0 0 0 -69.0881 59.0989 -17.0104 
0 0 0 4.03325 -2.95442 -0.456864 0 0 0 -11.0119 -22.6579 -26.5277 0 0 0 -66.0773 73.2221 -2.07736 
0 0 0 3.78795 -3.37298 -0.982267 0 0 0 -12.265 -20.9282 -26.2701 0 0 0 -62.656 86.4879 12.8791 
0 0 0 3.51911 -3.75205 -1.49659 0 0 0 -13.4419 -18.9534 -25.7163 0 0 0 -58.8452 98.741 27.6904 
0 0 0 3.2284 -4.08718 -1.99404 0 0 0 -14.5353 -16.7566 -24.8725 0 0 0 -54.6689 109.838 42.1895 
0 0 0 2.91763 -4.37445 -2.46901 0 0 0 -15.5384 -14.3636 -23.7483 0 0 0 -50.1528 119.649 56.2128 
0 0 0 2.58874 -4.6105 -2.91614 0 0 0 -16.4449 -11.8025 -22.3562 0 0 0 -45.3251 128.058 69.6022 
0 0 0 2.24375 -4.79256 -3.33038 0 0 0 -17.2492 -9.1031 -20.7121 0 0 0 -40.2157 134.968 82.2068 
0 0 0 1.88483 -4.91851 -3.70707 0 0 0 -17.9463 -6.29714 -18.8344 0 0 0 -34.8564 140.298 93.8844 
0 0 0 1.51419 -4.98685 -4.04195 0 0 0 -18.5319 -3.41744 -16.7444 0 0 0 -29.2805 143.985 104.503 
0 0 0 1.13414 -4.99681 -4.33126 0 0 0 -19.0024 -0.497723 -14.4655 0 0 0 -23.5227 145.986 113.944 
0 0 0 0.747046 -4.94825 -4.57173 0 0 0 -19.3548 2.42782 -12.0235 0 0 0 -17.6187 146.277 122.1 
0 0 0 0.355309 -4.84175 -4.76065 0 0 0 -19.5869 5.32494 -9.44591 0 0 0 -11.6053 144.856 128.879 
0 0 0 -0.0386361 -4.67856 -4.89589 0 0 0 -19.6972 8.1597 -6.76182 0 0 0 -5.51968 141.738 134.204 
0 0 0 -0.432341 -4.46058 -4.97592 0 0 0 -19.6852 10.8989 -4.00149 0 0 0 0.600206 136.961 138.017 
0 0 0 -0.823359 -4.19037 -4.99984 0 0 0 -19.5509 13.5105 -1.19604 0 0 0 6.71636 130.58 140.273 
0 0 0 -1.20926 -3.87109 -4.96738 0 0 0 -19.2951 15.9639 1.6229 0 0 0 12.7908 122.669 140.947 
0 0 0 -1.58765 -3.50649 -4.87891 0 0 0 -18.9194 18.2303 4.42355 0 0 0 18.7857 113.323 140.032 
0 0 0 -1.95617 -3.10082 -4.73542 0 0 0 -18.4261 20.2833 7.17431 0 0 0 24.6639 102.649 137.538 
0 0 0 -2.31254 -2.65884 -4.53854 0 0 0 -17.8183 22.0988 9.84417 0 0 0 30.3889 90.7738 133.493 
0 0 0 -2.65453 -2.18573 -4.29048 0 0 0 -17.0998 23.6555 12.403 0 0 0 35.925 77.8353 127.943 
0 0 0 -2.98004 -1.68703 -3.99404 0 0 0 -16.2751 24.9352 14.822 0 0 0 41.2378 63.9854 120.95 
0 0 0 -3.28702 -1.16857 -3.65256 0 0 0 -15.3492 25.9229 17.0739 0 0 0 46.2945 49.3863 112.593 
0 0 0 -3.57358 -0.636427 -3.2699 0 0 0 -14.3279 26.6071 19.1332 0 0 0 51.0634 34.2088 102.967 
0 0 0 -3.83793 -0.0968321 -2.85036 0 0 0 -13.2176 26.9797 20.9768 0 0 0 55.5151 18.6308 92.1794 
0 0 0 -4.07843 0.443897 -2.39868 0 0 0 -12.0252 27.0364 22.5839 0 0 0 59.6217 2.83468 80.3526 
0 0 0 -4.29359 0.979427 -1.91996 0 0 0 -10.758 26.7765 23.9363 0 0 0 63.3579 -12.9947 67.6196 
0 0 0 -4.48207 1.50349 -1.41958 0 0 0 -9.42401 26.2031 25.0187 0 0 0 66.7004 -28.6719 54.1242 
0 0 0 -4.6427 2.00995 -0.9032 0 0 0 -8.03145 25.3228 25.8191 0 0 0 69.6284 -44.0133 40.0185 
0 0 0 -4.77448 2.49287 -0.376633 0 0 0 -6.58897 24.1461 26.3283 0 0 0 72.1238 -58.8394 25.4615 
0 0 0 -4.87659 2.9466 0.154181 0 0 0 -5.10555 22.6865 26.5407 0 0 0 74.171 -72.9765 10.6174 
0 0 0 -4.9484 3.36582 0.683256 0 0 0 -3.59041 20.9613 26.4538 0 0 0 75.7572 -86.2591 -4.34641 
0 0 0 -4.98946 3.74564 1.20463 0 0 0 -2.05295 18.9907 26.0685 0 0 0 76.8728 -98.5316 -19.2612 
0 0 0 -4.99952 4.08159 1.71241 0 0 0 -0.502738 16.7977 25.3894 0 0 0 77.5106 -109.65 -33.9588 
0 0 0 -4.9785 4.36975 2.20089 0 0 0 1.0506 14.408 24.4239 0 0 0 77.6668 -119.485 -48.2735 
0 0 0 -4.92656 4.60674 2.66455 0 0 0 2.59741 11.8496 23.183 0 0 0 77.3404 -127.921 -62.0439 
0 0 0 -4.84399 4.78979 3.09817 0 0 0 4.12807 9.15242 21.6807 0 0 0 76.5334 -134.858 -75.1146 
0 0 0 -4.73133 4.91675 3.49685 0 0 0 5.63309 6.34808 19.934 0 0 0 75.2508 -140.217 -87.3383 
0 0 0 -4.58927 4.98614 3.85609 0 0 0 7.1031 3.46941 17.9624 0 0 0 73.5006 -143.934 -98.5772 
0 0 0 -4.41869 4.99714 4.17186 0 0 0 8.52898 0.550108 15.7883 0 0 0 71.2937 -145.965 -108.705 
0 0 0 -4.22065 4.94963 4.44058 0 0 0 9.90185 -2.37563 13.4362 0 0 0 68.6438 -146.287 -117.606 
0 0 0 -3.99639 4.84416 4.65924 0 0 0 11.2132 -5.27356 10.9326 0 0 0 65.5673 -144.896 -125.182 
0 0 0 -3.74729 4.68197 4.82535 0 0 0 12.4549 -8.10973 8.30566 0 0 0 62.0834 -141.809 -131.345 
0 0 0 -3.47491 4.46495 4.93705 0 0 0 13.6191 -10.8509 5.5851 0 0 0 58.2137 -137.06 -136.028 
0 0 0 -3.18093 4.19565 4.99308 0 0 0 14.6988 -13.4651 2.80156 0 0 0 53.9823 -130.707 -139.177 
0 0 0 -2.86719 3.87721 4.99281 0 0 0 15.6871 -15.9216 -0.0135768 0 0 0 49.4154 -122.824 -140.757 
0 0 0 -2.53563 3.51338 4.93624 0 0 0 16.5779 -18.1916 -2.82856 0 0 0 44.5415 -113.502 -140.749 
0 0 0 -2.18832 3.10841 4.82401 0 0 0 17.3657 -20.2486 -5.61164 0 0 0 39.3907 -102.851 -139.154 
0 0 0 -1.82741 2.66704 4.65738 0 0 0 18.0456 -22.0685 -8.33145 0 0 0 33.9952 -90.996 -135.99 
0 0 0 -1.45514 2.19444 4.43823 0 0 0 18.6134 -23.6301 -10.9573 0 0 0 28.3885 -78.0752 -131.293 
0 0 0 -1.07383 1.69614 4.16904 0 0 0 19.0655 -24.9149 -13.4596 0 0 0 22.6054 -64.2403 -125.115 
0 0 0 -0.685844 1.17798 3.85284 0 0 0 19.3992 -25.9079 -15.8101 0 0 0 16.6818 -49.653 -117.527 
0 0 0 -0.293599 0.646031 3.49319 0 0 0 19.6122 -26.5976 -17.9824 0 0 0 10.6545 -34.4844 -108.613 
0 0 0 0.10047 0.106514 3.09415 0 0 0 19.7035 -26.9758 -19.9519 0 0 0 4.56103 -18.912 -98.4741 
0 0 0 0.493915 -0.43425 2.66022 0 0 0 19.6723 -27.0382 -21.6964 0 0 0 -1.56079 -3.1181 -87.2251 
0 0 0 0.884291 -0.969929 2.1963 0 0 0 19.5188 -26.784 -23.1962 0 0 0 -7.6729 12.7123 -74.9926 
0 0 0 1.26917 -1.49425 1.70761 0 0 0 19.244 -26.2161 -24.4345 0 0 0 -13.7373 28.3938 -61.9144 
0 0 0 1.64617 -2.00108 1.19966 0 0 0 18.8497 -25.3412 -25.3973 0 0 0 -19.7164 43.7429 -48.138 
0 0 0 2.01293 -2.48447 0.67819 0 0 0 18.3383 -24.1696 -26.0737 0 0 0 -25.573 58.5797 -33.8189 
0 0 0 2.36719 -2.93877 0.149069 0 0 0 17.7128 -22.715 -26.456 0 0 0 -31.2706 72.7306 -19.1184 
0 0 0 2.70674 -3.35866 -0.381732 0 0 0 16.9774 -20.9944 -26.5401 0 0 0 -36.774 86.0299 -4.20231 
0 0 0 3.02946 -3.73922 -0.908229 0 0 0 16.1364 -19.028 -26.3249 0 0 0 -42.0488 98.3217 10.7612 
0 0 0 3.33337 -4.07599 -1.42449 0 0 0 15.1951 -16.8387 -25.8128 0 0 0 -47.0623 109.462 25.6033 
0 0 0 3.61656 -4.36504 -1.92468 0 0 0 14.1595 -14.4523 -25.0097 0 0 0 -51.7834 119.321 40.1567 
0 0 0 3.87727 -4.60297 -2.40317 0 0 0 13.0358 -11.8967 -23.9245 0 0 0 -56.1827 127.783 54.2573 
0 0 0 4.1139 -4.78701 -2.85456 0 0 0 11.8312 -9.20171 -22.5696 0 0 0 -60.2329 134.748 67.7461 
0 0 0 4.32496 -4.91499 -3.27376 0 0 0 10.553 -6.399 -20.9602 0 0 0 -63.9088 140.135 80.471 
0 0 0 4.50914 -4.98541 -3.65605 0 0 0 9.20924 -3.52136 -19.1144 0 0 0 -67.1876 143.882 92.2884 
0 0 0 4.66531 -4.99746 -3.99711 0 0 0 7.80826 -0.602491 -17.0531 0 0 0 -70.0489 145.944 103.065 
0 0 0 4.79248 -4.95099 -4.2931 0 0 0 6.35876 2.32344 -14.7995 0 0 0 -72.4749 146.296 112.68 
0 0 0 4.88988 -4.84655 -4.54068 0 0 0 4.86975 5.22216 -12.379 0 0 0 -74.4505 144.936 121.024 
0 0 0 4.95688 -4.68536 -4.73706 0 0 0 3.35048 8.05973 -9.81895 0 0 0 -75.9636 141.879 128.003 
0 0 0 4.99309 -4.4693 -4.88003 0 0 0 1.81039 10.8029 -7.14816 0 0 0 -77.0046 137.16 133.539 
0 0 0 4.99827 -4.20091 -4.96796 0 0 0 0.259046 13.4196 -4.39677 0 0 0 -77.567 130.835 137.569 
0 0 0 4.9724 -3.88332 -4.99988 0 0 0 -1.2939 15.8792 -1.5958 0 0 0 -77.6475 122.978 140.048 
0 0 0 4.91562 -3.52027 -4.97541 0 0 0 -2.83881 18.1528 1.22316 0 0 0 -77.2455 113.681 140.948 
0 0 0 4.8283 -3.11599 -4.89485 0 0 0 -4.36608 20.2138 4.02833 0 0 0 -76.3635 103.053 140.259 
0 0 0 4.71097 -2.67523 -4.75909 0 0 0 -5.86622 22.0382 6.78808 0 0 0 -75.007 91.2179 137.987 
0 0 0 4.56437 -2.20314 -4.56966 0 0 0 -7.32991 23.6045 9.47128 0 0 0 -73.1843 78.3149 134.16 
0 0 0 4.38941 -1.70525 -4.32871 0 0 0 -8.74805 24.8944 12.0477 0 0 0 -70.907 64.4949 128.82 
0 0 0 4.18718 -1.18739 -4.03894 0 0 0 -10.1118 25.8928 14.4882 0 0 0 -68.189 49.9196 122.028 
0 0 0 3.95892 -0.655632 -3.70363 0 0 0 -11.4128 26.588 16.7654 0 0 0 -65.0472 34.7599 113.859 
0 0 0 3.70607 -0.116195 -3.32656 0 0 0 -12.6428 26.9718 18.8536 0 0 0 -61.5013 19.1931 104.407 
0 0 0 3.43018 0.424602 -2.91198 0 0 0 -13.7943 27.0399 20.7291 0 0 0 -57.5732 3.40152 93.7769 
0 0 0 3.13298 0.960428 -2.46456 0 0 0 -14.86 26.7913 22.3709 0 0 0 -53.2874 -12.4299 82.0897 
0 0 0 2.81631 1.48501 -1.98935 0 0 0 -15.8334 26.229 23.7604 0 0 0 -48.6704 -28.1157 69.4768 
0 0 0 2.48214 1.9922 -1.49171 0 0 0 -16.7084 25.3595 24.882 0 0 0 -43.751 -43.4723 56.0805 
0 0 0 2.13255 2.47606 -0.977252 0 0 0 -17.4796 24.1931 25.7231 0 0 0 -38.5598 -58.3198 42.0519 
0 0 0 1.76971 2.93093 -0.451771 0 0 0 -18.1422 22.7434 26.274 0 0 0 -33.1289 -72.4845 27.549 
0 0 0 1.39586 3.35148 0.0788042 0 0 0 -18.6921 21.0274 26.5288 0 0 0 -27.4921 -85.8004 12.7356 
0 0 0 1.01335 3.73278 0.608491 0 0 0 -19.1257 19.0652 26.4843 0 0 0 -21.6846 -98.1115 -2.22152 
0 0 0 0.624538 4.07038 1.13132 0 0 0 -19.4406 16.8797 26.1413 0 0 0 -15.7423 -109.274 -17.1536 
0 0 0 0.231845 4.36031 1.64138 0 0 0 -19.6346 14.4966 25.5034 0 0 0 -9.70211 -119.157 -31.8922 
0 0 0 -0.162288 4.59918 2.13294 0 0 0 -19.7067 11.9437 24.578 0 0 0 -3.60168 -127.644 -46.2712 
0 0 0 -0.555413 4.7842 2.60045 0 0 0 -19.6562 9.25096 23.3754 0 0 0 2.52113 -134.637 -60.1284 
0 0 0 -0.945087 4.9132 3.03864 0 0 0 -19.4837 6.4499 21.9093 0 0 0 8.62827 -140.053 -73.3076 
0 0 0 -1.32889 4.98466 3.44256 0 0 0 -19.19 3.5733 20.1961 0 0 0 14.6818 -143.83 -85.6602 
0 0 0 -1.70443 4.99776 3.80766 0 0 0 -18.7772 0.654872 18.2551 0 0 0 20.6441 -145.922 -97.0469 
0 0 0 -2.06938 4.95234 4.12983 0 0 0 -18.2476 -2.27123 16.1083 0 0 0 26.4781 -146.305 -107.339 
0 0 0 -2.42148 4.84892 4.40543 0 0 0 -17.6047 -5.17074 13.7799 0 0 0 32.1476 -144.975 -116.421 
0 0 0 -2.75852 4.68873 4.63135 0 0 0 -16.8523 -8.0097 11.2961 0 0 0 37.6173 -141.948 -124.19 
0 0 0 -3.07843 4.47363 4.80505 0 0 0 -15.9952 -10.7549 8.68493 0 0 0 42.8533 -137.258 -130.559 
0 0 0 -3.3792 4.20615 4.92456 0 0 0 -15.0388 -13.3741 5.97581 0 0 0 47.823 -130.962 -135.456 
0 0 0 -3.65898 3.88941 4.98855 0 0 0 -13.9889 -15.8367 3.19931 0 0 0 52.4955 -123.131 -138.825 
0 0 0 -3.91602 3.52714 4.99628 0 0 0 -12.852 -18.1139 0.386732 0 0 0 56.8418 -113.859 -140.629 
0 0 0 -4.14873 3.12356 4.94768 0 0 0 -11.6353 -20.179 -2.43021 0 0 0 60.8349 -103.254 -140.847 
0 0 0 -4.35565 2.6834 4.84329 0 0 0 -10.3463 -22.0078 -5.21974 0 0 0 64.4499 -91.4394 -139.477 
0 0 0 -4.53552 2.21182 4.68428 0 0 0 -8.99305 -23.5789 -7.95042 0 0 0 67.6645 -78.5542 -136.534 
0 0 0 -4.68719 1.71435 4.47245 0 0 0 -7.58388 -24.8738 -10.5914 0 0 0 70.4586 -64.7492 -132.051 
0 0 0 -4.80974 1.1968 4.21019 0 0 0 -6.12758 -25.8776 -13.113 0 0 0 72.8149 -50.186 -126.08 
0 0 0 -4.90241 0.665231 3.90045 0 0 0 -4.6332 -26.5783 -15.4868 0 0 0 74.7187 -35.0352 -118.687 
0 0 0 -4.96461 0.125876 3.54674 0 0 0 -3.11004 -26.9677 -17.6859 0 0 0 76.1583 -19.4741 -109.955 
0 0 0 -4.99596 -0.414953 3.15302 0 0 0 -1.56755 -27.0414 -19.6855 0 0 0 77.1245 -3.68492 -99.9836 
0 0 0 -4.99627 -0.950922 2.72376 0 0 0 -0.0153146 -26.7985 -21.4632 0 0 0 77.6116 12.1474 -88.8848 
0 0 0 -4.96553 -1.47576 2.26378 0 0 0 1.53701 -26.2417 -22.9989 0 0 0 77.6163 27.8374 -76.7837 
0 0 0 -4.90393 -1.98331 1.77828 0 0 0 3.07979 -25.3777 -24.2752 0 0 0 77.1388 43.2015 -63.8167 
0 0 0 -4.81186 -2.46764 1.27272 0 0 0 4.60343 -24.2165 -25.2779 0 0 0 76.1819 58.0597 -50.1302 
0 0 0 -4.68989 -2.92308 0.752811 0 0 0 6.09846 -22.7718 -25.9954 0 0 0 74.7516 72.2381 -35.8784 
0 0 0 -4.53878 -3.34428 0.224414 0 0 0 7.5556 -21.0604 -26.4199 0 0 0 72.8569 85.5705 -21.222 
0 0 0 -4.35947 -3.72633 -0.306514 0 0 0 8.96578 -19.1023 -26.5464 0 0 0 70.5094 97.901 -6.3263 
0 0 0 -4.15306 -4.06474 -0.833985 0 0 0 10.3203 -16.9206 -26.3736 0 0 0 67.7237 109.085 8.64073 
0 0 0 -3.92085 -4.35556 -1.35205 0 0 0 11.6106 -14.5408 -25.9034 0 0 0 64.5172 118.992 23.5103 
0 0 0 -3.66427 -4.59537 -1.85487 0 0 0 12.8288 -11.9907 -25.1411 0 0 0 60.9099 127.505 38.1148 
0 0 0 -3.38493 -4.78138 -2.33678 0 0 0 13.9673 -9.30018 -24.0953 0 0 0 56.924 134.526 52.2895 
0 0 0 -3.08455 -4.91139 -2.79234 0 0 0 15.019 -6.50077 -22.7778 0 0 0 52.5844 139.971 65.8746 
0 0 0 -2.765 -4.9839 -3.2164 0 0 0 15.9773 -3.62523 -21.2034 0 0 0 47.918 143.777 78.7168 
0 0 0 -2.42827 -4.99804 -3.6042 0 0 0 16.8364 -0.70725 -19.39 0 0 0 42.9539 145.899 90.6715 
0 0 0 -2.07646 -4.95366 -3.95136 0 0 0 17.5909 2.21902 -17.3579 0 0 0 37.7229 146.313 101.604 
0 0 0 -1.71173 -4.85128 -4.25397 0 0 0 18.236 5.1193 -15.1301 0 0 0 32.2575 145.014 111.39 
0 0 0 -1.33638 -4.69208 -4.5086 0 0 0 18.7678 7.95963 -12.7317 0 0 0 26.5916 142.017 119.921 
0 0 0 -0.952717 -4.47795 -4.7124 0 0 0 19.1831 10.7068 -10.1897 0 0 0 20.7605 137.357 127.099 
0 0 0 -0.563136 -4.21138 -4.86305 0 0 0 19.4791 13.3285 -7.53287 0 0 0 14.8003 131.088 132.844 
0 0 0 -0.170055 -3.89549 -4.95887 0 0 0 19.654 15.7942 -4.79105 0 0 0 8.74824 123.284 137.091 
0 0 0 0.224082 -3.53399 -4.99878 0 0 0 19.7069 18.075 -1.9952 0 0 0 2.64178 114.037 139.792 
0 0 0 0.616827 -3.13111 -4.98232 0 0 0 19.6372 20.144 0.823141 0 0 0 -3.48108 103.455 140.917 
0 0 0 1.00574 -2.69157 -4.90967 0 0 0 19.4456 21.9773 3.6322 0 0 0 -9.58232 91.6606 140.453 
0 0 0 1.3884 -2.22051 -4.78167 0 0 0 19.1331 23.5531 6.40031 0 0 0 -15.624 78.7933 138.405 
0 0 0 1.76244 -1.72344 -4.59974 0 0 0 18.7017 24.8532 9.09624 0 0 0 -21.5686 65.0033 134.797 
0 0 0 2.12552 -1.2062 -4.36595 0 0 0 18.1542 25.8622 11.6896 0 0 0 -27.3792 50.4522 129.668 
0 0 0 2.47539 -0.674828 -4.08293 0 0 0 17.4938 26.5684 14.1512 0 0 0 -33.0197 35.3103 123.078 
0 0 0 2.80989 -0.135557 -3.75386 0 0 0 16.7247 26.9635 16.4531 0 0 0 -38.4549 19.755 115.099 
0 0 0 3.12692 0.405301 -3.38247 0 0 0 15.8516 27.0429 18.5696 0 0 0 -43.6512 3.96831 105.823 
0 0 0 3.42452 0.941414 -2.97294 0 0 0 14.8801 26.8056 20.4766 0 0 0 -48.5763 -11.8648 95.353 
0 0 0 3.70084 1.4665 -2.52988 0 0 0 13.8161 26.2544 22.1528 0 0 0 -53.1995 -27.5591 83.8081 
0 0 0 3.95417 1.97442 -2.0583 0 0 0 12.6663 25.3958 23.5792 0 0 0 -57.4921 -42.9306 71.3182 
0 0 0 4.18293 2.45922 -1.56351 0 0 0 11.4377 24.2398 24.7397 0 0 0 -61.4275 -57.7994 58.0241 
0 0 0 4.38569 2.91522 -1.05108 0 0 0 10.1381 22.8 25.6212 0 0 0 -64.9812 -71.9914 44.0757 
0 0 0 4.5612 3.33708 -0.526806 0 0 0 8.77549 21.0932 26.2138 0 0 0 -68.1311 -85.3404 29.6303 
0 0 0 4.70836 3.71987 0.00340946 0 0 0 7.35833 19.1394 26.5108 0 0 0 -70.8576 -97.6901 14.8508 
0 0 0 4.82627 4.0591 0.533587 0 0 0 5.89546 16.9615 26.5089 0 0 0 -73.1438 -108.896 -0.0961138 
0 0 0 4.91419 4.3508 1.05775 0 0 0 4.39595 14.5849 26.208 0 0 0 -74.9755 -118.826 -15.042 
0 0 0 4.97157 4.59155 1.56998 0 0 0 2.86912 12.0376 25.6117 0 0 0 -76.3413 -127.366 -29.8182 
0 0 0 4.99806 4.77854 2.06451 0 0 0 1.32447 9.34936 24.7265 0 0 0 -77.2327 -134.414 -44.2583 
0 0 0 4.99349 4.90957 2.53576 0 0 0 -0.228419 6.55162 23.5625 0 0 0 -77.6443 -139.887 -58.1992 
0 0 0 4.9579 4.98311 2.97842 0 0 0 -1.77988 3.67715 22.1328 0 0 0 -77.5733 -143.723 -71.4839 
0 0 0 4.89149 4.9983 3.38749 0 0 0 -3.32029 0.759625 20.4536 0 0 0 -77.0203 -145.876 -83.9626 
0 0 0 4.79469 4.95497 3.75836 0 0 0 -4.84006 -2.16679 18.5437 0 0 0 -75.9887 -146.321 -95.4944 
0 0 0 4.66809 4.85361 4.08686 0 0 0 -6.32976 -5.06784 16.4247 0 0 0 -74.4849 -145.052 -105.949 
0 0 0 4.51249 4.69542 4.36927 0 0 0 -7.78013 -7.90954 14.1205 0 0 0 -72.5182 -142.085 -115.21 
0 0 0 4.32885 4.48225 4.60241 0 0 0 -9.18215 -10.6586 11.6571 0 0 0 -70.101 -137.454 -123.171 
0 0 0 4.11831 4.21659 4.78365 0 0 0 -10.5271 -13.2829 9.06222 0 0 0 -67.2481 -131.214 -129.743 
0 0 0 3.88217 3.90156 4.91096 0 0 0 -11.8067 -15.7516 6.36516 0 0 0 -63.9774 -123.437 -134.853 
0 0 0 3.62192 3.54084 4.98288 0 0 0 -13.0128 -18.0359 3.59633 0 0 0 -60.3091 -114.215 -138.441 
0 0 0 3.33915 3.13866 4.99862 0 0 0 -14.1382 -20.109 0.786953 0 0 0 -56.266 -103.655 -140.469 
0 0 0 3.03564 2.69972 4.958 0 0 0 -15.1756 -21.9467 -2.0313 0 0 0 -51.8733 -91.8814 -140.913 
0 0 0 2.71327 2.22918 4.86146 0 0 0 -16.1188 -23.5273 -4.82665 0 0 0 -47.1583 -79.032 -139.768 
0 0 0 2.37403 1.73253 4.71011 0 0 0 -16.9618 -24.8325 -7.56758 0 0 0 -42.1502 -65.2572 -137.046 
0 0 0 2.02004 1.21559 4.50565 0 0 0 -17.6994 -25.8468 -10.2232 0 0 0 -36.8802 -50.7182 -132.78 
0 0 0 1.6535 0.684422 4.25038 0 0 0 -18.327 -26.5585 -12.7635 0 0 0 -31.3811 -35.5854 -127.016 
0 0 0 1.27669 0.145237 3.94718 0 0 0 -18.8408 -26.9592 -15.1599 0 0 0 -25.6869 -20.0358 -119.82 
0 0 0 0.891938 -0.395649 3.59947 0 0 0 -19.2374 -27.0443 -17.3853 0 0 0 -19.8332 -4.25168 -111.272 
0 0 0 0.501647 -0.931901 3.21118 0 0 0 -19.5145 -26.8126 -19.4147 0 0 0 -13.8561 11.5823 -101.47 
0 0 0 0.108239 -1.45724 2.78668 0 0 0 -19.6704 -26.267 -21.2252 0 0 0 -7.79303 27.2806 -90.5242 
0 0 0 -0.285841 -1.96552 2.33075 0 0 0 -19.704 -25.4138 -22.7964 0 0 0 -1.68148 42.6595 -78.5573 
0 0 0 -0.678146 -2.45078 1.84854 0 0 0 -19.6152 -24.2631 -24.1105 0 0 0 4.44051 57.5388 -65.7046 
0 0 0 -1.06624 -2.90734 1.34549 0 0 0 -19.4045 -22.8282 -25.1527 0 0 0 10.5349 71.7444 -52.1109 
0 0 0 -1.4477 -3.32986 0.827261 0 0 0 -19.0733 -21.126 -25.9113 0 0 0 16.5638 85.1099 -37.9297 
0 0 0 -1.82017 -3.71339 0.299707 0 0 0 -18.6235 -19.1764 -26.3777 0 0 0 22.4899 97.4788 -23.3208 
0 0 0 -2.18133 -4.05343 -0.231226 0 0 0 -18.0579 -17.0023 -26.5467 0 0 0 28.2761 108.706 -8.44885 
0 0 0 -2.52893 -4.34602 -0.759551 0 0 0 -17.3802 -14.6291 -26.4163 0 0 0 33.8867 118.661 6.51833 
0 0 0 -2.86082 -4.58771 -1.27931 0 0 0 -16.5945 -12.0845 -25.9881 0 0 0 39.2866 127.226 21.412 
0 0 0 -3.17493 -4.77568 -1.78465 0 0 0 -15.7056 -9.39851 -25.2668 0 0 0 44.4425 134.301 36.0642 
0 0 0 -3.46932 -4.90773 -2.26986 0 0 0 -14.7192 -6.60244 -24.2606 0 0 0 49.3222 139.804 50.3098 
0 0 0 -3.74214 -4.98231 -2.72948 0 0 0 -13.6413 -3.72905 -22.9808 0 0 0 53.8954 143.669 63.9881 
0 0 0 -3.99172 -4.99855 -3.15831 0 0 0 -12.4786 -0.811998 -21.4419 0 0 0 58.1337 145.853 76.9448 
0 0 0 -4.21648 -4.95626 -3.55154 0 0 0 -11.2384 2.11456 -19.6612 0 0 0 62.0108 146.328 89.0339 
0 0 0 -4.41505 -4.85593 -3.90472 0 0 0 -9.92832 5.01636 -17.6589 0 0 0 65.5025 145.09 100.119 
0 0 0 -4.58618 -4.69874 -4.21386 0 0 0 -8.55658 7.85942 -15.4574 0 0 0 68.5872 142.153 110.075 
0 0 0 -4.72881 -4.48653 -4.47549 0 0 0 -7.13167 10.6105 -13.0815 0 0 0 71.2457 137.551 118.79 
0 0 0 -4.84206 -4.22179 -4.68666 0 0 0 -5.66244 13.2372 -10.5582 0 0 0 73.4615 131.339 126.166 
0 0 0 -4.92522 -3.90761 -4.84498 0 0 0 -4.15802 15.709 -7.91587 0 0 0 75.2208 123.589 132.118 
0 0 0 -4.97778 -3.54767 -4.94866 0 0 0 -2.62777 17.9969 -5.18424 0 0 0 76.5127 114.392 136.581 
0 0 0 -4.9994 -3.14619 -4.99654 0 0 0 -1.08118 20.074 -2.39415 0 0 0 77.3291 103.855 139.504 
0 0 0 -4.98996 -2.70787 -4.98808 0 0 0 0.472118 21.916 0.422932 0 0 0 77.6651 92.1019 140.854 
0 0 0 -4.94951 -2.23784 -4.92338 0 0 0 2.02249 23.5014 3.23525 0 0 0 77.5184 79.2705 140.616 
0 0 0 -4.8783 -1.74161 -4.80316 0 0 0 3.56028 24.8116 6.01108 0 0 0 76.89 65.5108 138.792 
0 0 0 -4.77679 -1.22498 -4.62878 0 0 0 5.07596 25.8313 8.71913 0 0 0 75.7838 50.9841 135.403 
0 0 0 -4.64558 -0.694013 -4.4022 0 0 0 6.5601 26.5485 11.3289 0 0 0 74.2067 35.8603 130.487 
0 0 0 -4.48551 -0.154916 -4.12598 0 0 0 8.00347 26.9548 13.8109 0 0 0 72.1685 20.3166 124.099 
0 0 0 -4.29757 0.385994 -3.80324 0 0 0 9.3971 27.0455 16.1371 0 0 0 69.6819 4.53504 116.313 
0 0 0 -4.08292 0.922385 -3.43761 0 0 0 10.7323 26.8195 18.2814 0 0 0 66.7622 -11.2996 107.215 
0 0 0 -3.84291 1.44798 -3.03322 0 0 0 12.0009 26.2795 20.2195 0 0 0 63.4277 -27.002 96.9074 
0 0 0 -3.57901 1.95661 -2.59463 0 0 0 13.1949 25.4317 21.9297 0 0 0 59.699 -42.3882 85.5075 
0 0 0 -3.29287 2.44233 -2.12677 0 0 0 14.3069 24.2862 23.3926 0 0 0 55.5994 -57.278 73.1433 
0 0 0 -2.98627 2.89946 -1.63494 0 0 0 15.33 22.8562 24.5917 0 0 0 51.1543 -71.4972 59.9545 
0 0 0 -2.66112 3.32263 -1.12467 0 0 0 16.2578 21.1587 25.5134 0 0 0 46.3913 -84.8791 46.0895 
0 0 0 -2.31943 3.7069 -0.601722 0 0 0 17.0846 19.2133 26.1475 0 0 0 41.3401 -97.2671 31.7049 
0 0 0 -1.96332 4.04776 -0.071986 0 0 0 17.8052 17.043 26.4868 0 0 0 36.032 -108.516 16.9627 
0 0 0 -1.59502 4.34122 0.458562 0 0 0 18.4152 14.6731 26.5274 0 0 0 30.4999 -118.495 2.02931 
0 0 0 -1.2168 4.58385 0.983938 0 0 0 18.9108 12.1314 26.2688 0 0 0 24.7784 -127.085 -12.927 
0 0 0 -0.831023 4.7728 1.49822 0 0 0 19.2888 9.44763 25.7141 0 0 0 18.9028 -134.188 -27.7375 
0 0 0 -0.440082 4.90586 1.99561 0 0 0 19.547 6.65324 24.8694 0 0 0 12.9098 -139.72 -42.2353 
0 0 0 -0.0464069 4.98148 2.47049 0 0 0 19.6838 3.78094 23.7442 0 0 0 6.83662 -143.615 -56.2568 
0 0 0 0.347557 4.99877 2.91752 0 0 0 19.6982 0.864368 22.3514 0 0 0 0.720925 -145.829 -69.644 
0 0 0 0.739361 4.95752 3.33165 0 0 0 19.5902 -2.06232 20.7065 0 0 0 -5.39925 -146.335 -82.2458 
0 0 0 1.12657 4.85823 3.70821 0 0 0 19.3605 -4.96487 18.828 0 0 0 -11.4859 -145.127 -93.9203 
0 0 0 1.50678 4.70204 4.04296 0 0 0 19.0105 -7.80927 16.7373 0 0 0 -17.5011 -142.22 -104.536 
0 0 0 1.87763 4.4908 4.33211 0 0 0 18.5423 -10.5622 14.4579 0 0 0 -23.4076 -137.648 -113.972 
0 0 0 2.23681 4.22697 4.57242 0 0 0 17.9589 -13.1915 12.0154 0 0 0 -29.1687 -131.464 -122.124 
0 0 0 2.58209 3.91364 4.76117 0 0 0 17.264 -15.6663 9.43745 0 0 0 -34.7485 -123.741 -128.898 
0 0 0 2.91132 3.55449 4.89623 0 0 0 16.4617 -17.9577 6.75307 0 0 0 -40.1124 -114.568 -134.219 
0 0 0 3.22246 3.15371 4.97608 0 0 0 15.5572 -20.0388 3.99254 0 0 0 -45.227 -104.054 -138.026 
0 0 0 3.51358 2.71601 4.99982 0 0 0 14.556 -21.8852 1.18699 0 0 0 -50.0605 -92.3221 -140.277 
0 0 0 3.78287 2.2465 4.96719 0 0 0 13.4643 -23.4754 -1.63194 0 0 0 -54.583 -79.5087 -140.947 
0 0 0 4.02865 1.75068 4.87854 0 0 0 12.289 -24.7907 -4.43247 0 0 0 -58.7664 -65.7642 -140.027 
0 0 0 4.2494 1.23437 4.73488 0 0 0 11.0373 -25.8157 -7.18302 0 0 0 -62.5845 -51.2497 -137.528 
0 0 0 4.44374 0.703602 4.53782 0 0 0 9.71702 -26.5384 -9.85257 0 0 0 -66.0138 -36.1351 -133.478 
0 0 0 4.61046 0.164595 4.2896 0 0 0 8.33637 -26.9503 -12.411 0 0 0 -69.0328 -20.5973 -127.923 
0 0 0 4.74854 -0.376339 3.99301 0 0 0 6.90391 -27.0467 -14.8295 0 0 0 -71.6229 -4.81838 -120.925 
0 0 0 4.85711 -0.912866 3.6514 0 0 0 5.42855 -26.8264 -17.0808 0 0 0 -73.768 11.017 -112.564 
0 0 0 4.9355 -1.4387 3.26861 0 0 0 3.91946 -26.2919 -19.1395 0 0 0 -75.4546 26.7234 -102.934 
0 0 0 4.98322 -1.9477 2.84896 0 0 0 2.38601 -25.4496 -20.9824 0 0 0 -76.6724 42.1168 -92.1431 
0 0 0 4.99998 -2.43388 2.39719 0 0 0 0.837735 -24.3092 -22.5886 0 0 0 -77.4137 57.0171 -80.3131 
0 0 0 4.98566 -2.89156 1.91838 0 0 0 -0.715745 -22.8842 -23.9402 0 0 0 -77.674 71.2497 -67.5775 
