1.416 0 0.048 0 -0.00300197 0 0 0 0 5 
1.626 0 0.02 0 -0.00132645 0 0 3.7393 0 5 
1.666 0 0.036 0 0.000436332 0 0 3.73829 0 5 
1.615 0 0.042 0 0.00221657 0 0 3.7381 0 5 
1.369 0 0.109 0 0.0034383 0 0 3.73874 0 5 
1.177 0 0.091 0 0.00497419 0 0 3.74007 0 5 
0.861 0 0.062 0 0.0060912 0 0 3.74204 0 5 
0.639 0 0.043 0 0.00698132 0 0 3.74461 0 5 
0.406 0 0.035 0 0.00759218 0 0 3.74762 0 5 
0.168 0 0.034 0 0.00792379 0 0 3.75096 0 5 
-0.069 0 0.035 0 0.00794125 0 0 3.75449 0 5 
-0.069 0 0.035 0 0.00794125 0 0 3.75806 0 5 
-0.069 0 0.035 0 0.00794125 0 0 3.76161 0 5 
-0.069 0 0.035 0 0.00794125 0 0 3.76512 0 5 
-0.069 0 0.035 0 0.00794125 0 0 3.7686 0 5 
-0.069 0 0.035 0 0.00794125 0 0 3.77204 0 5 
-0.069 0 0.035 0 0.00794125 0 0 3.77545 0 5 
-0.069 0 0.035 0 0.00794125 0 0 3.77883 0 5 
-0.069 0 0.035 0 0.00794125 0 0 3.78218 0 5 
-0.069 0 0.035 0 0.00794125 0 0 3.78549 0 5 
-0.069 0 0.035 0 0.00794125 0 0 3.78877 0 5 
-0.069 0 0.035 0 0.00794125 0 0 3.79202 0 5 
-0.069 0 0.035 0 0.00794125 0 0 3.79524 0 5 
-0.069 0 0.035 0 0.00794125 0 0 3.79843 0 5 
-0.069 0 0.035 0 0.00794125 0 0 3.80159 0 5 
-0.069 0 0.035 0 0.00794125 0 0 3.80471 0 5 
-0.069 0 0.035 0 0.00794125 0 0 3.80781 0 5 
-0.069 0 0.035 0 0.00794125 0 0 3.81087 0 5 
-0.069 0 0.035 0 0.00794125 0 0 3.81391 0 5 
-0.069 0 0.035 0 0.00794125 0 0 3.81691 0 5 
-0.069 0 0.035 0 0.00794125 0 0 3.81988 0 5 
-0.069 0 0.035 0 0.00794125 0 0 3.82283 0 5 
-0.069 0 0.035 0 0.00794125 0 0 3.82574 0 5 
-0.069 0 0.035 0 0.00794125 0 0 3.82863 0 5 
-0.069 0 0.035 0 0.00794125 0 0 3.83149 0 5 
-0.069 0 0.035 0 0.00794125 0 0 3.83432 0 5 
-0.069 0 0.035 0 0.00794125 0 0 3.83712 0 5 
-0.069 0 0.035 0 0.00794125 0 0 3.83989 0 5 
-0.069 0 0.035 0 0.00794125 0 0 3.84263 0 5 
-0.069 0 0.035 0 0.00794125 0 0 3.84535 0 5 
-0.069 0 0.035 0 0.00794125 0 0 3.84804 0 5 
-0.069 0 0.035 0 0.00794125 0 0 3.8507 0 5 
-0.069 0 0.035 0 0.00794125 0 0 3.85333 0 5 
-0.069 0 0.035 0 0.00794125 0 0 3.85594 0 5 
-0.069 0 0.035 0 0.00794125 0 0 3.85851 0 5 
-0.069 0 0.035 0 0.00794125 0 0 3.86107 0 5 
-0.069 0 0.035 0 0.00794125 0 0 3.86359 0 5 
-0.069 0 0.035 0 0.00794125 0 0 3.86609 0 5 
-0.069 0 0.035 0 0.00794125 0 0 3.86857 0 5 
-0.069 0 0.035 0 0.00794125 0 0 3.87101 0 5 
-0.069 0 0.035 0 0.00794125 0 0 3.87343 0 5 
-0.069 0 0.035 0 0.00794125 0 0 3.87583 0 5 
-0.069 0 0.035 0 0.00794125 0 0 3.8782 0 5 
-0.069 0 0.035 0 0.00794125 0 0 3.88055 0 5 
-0.069 0 0.035 0 0.00794125 0 0 3.88287 0 5 
-0.069 0 0.035 0 0.00794125 0 0 3.88516 0 5 
-0.069 0 0.035 0 0.00794125 0 0 3.88743 0 5 
-0.069 0 0.035 0 0.00794125 0 0 3.88968 0 5 
-0.069 0 0.035 0 0.00794125 0 0 3.8919 0 5 
-0.069 0 0.035 0 0.00794125 0 0 3.8941 0 5 
-0.069 0 0.035 0 0.00794125 0 0 3.89627 0 5 
-0.069 0 0.035 0 0.00794125 0 0 3.89842 0 5 
-0.069 0 0.035 0 0.00794125 0 0 3.90055 0 5 
-0.069 0 0.035 0 0.00794125 0 0 3.90265 0 5 
-0.069 0 0.035 0 0.00794125 0 0 3.90473 0 5 
-0.069 0 0.035 0 0.00794125 0 0 3.90679 0 5 
-0.069 0 0.035 0 0.00794125 0 0 3.90882 0 5 
-0.069 0 0.035 0 0.00794125 0 0 3.91083 0 5 
-0.069 0 0.035 0 0.00794125 0 0 3.91282 0 5 
-0.069 0 0.035 0 0.00794125 0 0 3.91479 0 5 
-0.069 0 0.035 0 0.00794125 0 0 3.91673 0 5 
-0.069 0 0.035 0 0.00794125 0 0 3.91865 0 5 
-0.069 0 0.035 0 0.00794125 0 0 3.92055 0 5 
-0.069 0 0.035 0 0.00794125 0 0 3.92243 0 5 
-0.069 0 0.035 0 0.00794125 0 0 3.92429 0 5 
-0.069 0 0.035 0 0.00794125 0 0 3.92612 0 5 
-0.069 0 0.035 0 0.00794125 0 0 3.92794 0 5 
-0.069 0 0.035 0 0.00794125 0 0 3.92973 0 5 
-0.069 0 0.035 0 0.00794125 0 0 3.9315 0 5 
-0.069 0 0.035 0 0.00794125 0 0 3.93325 0 5 
-0.069 0 0.035 0 0.00794125 0 0 3.93498 0 5 
-0.069 0 0.035 0 0.00794125 0 0 3.93669 0 5 
-0.069 0 0.035 0 0.00794125 0 0 3.93838 0 5 
-0.069 0 0.035 0 0.00794125 0 0 3.94005 0 5 
-0.069 0 0.035 0 0.00794125 0 0 3.9417 0 5 
-0.069 0 0.035 0 0.00794125 0 0 3.94333 0 5 
-0.069 0 0.035 0 0.00794125 0 0 3.94494 0 5 
