-0.072 0 0.038 0 -0.00136136 0 0 0 0 5 
-0.041 0 0.042 0 -0.00125664 0 0 3.73968 0 5 
-0.016 0 0.046 0 -0.00111701 0 0 3.73907 0 5 
0.002 0 0.049 0 -0.000942478 0 0 3.73853 0 5 
0.014 0 0.051 0 -0.000767945 0 0 3.73806 0 5 
0.02 0 0.053 0 -0.000558505 0 0 3.73768 0 5 
0.02 0 0.053 0 -0.000558505 0 0 3.73739 0 5 
0.02 0 0.053 0 -0.000558505 0 0 3.73715 0 5 
0.02 0 0.053 0 -0.000558505 0 0 3.73692 0 5 
0.02 0 0.053 0 -0.000558505 0 0 3.73668 0 5 
0.02 0 0.053 0 -0.000558505 0 0 3.73645 0 5 
0.02 0 0.053 0 -0.000558505 0 0 3.73623 0 5 
0.02 0 0.053 0 -0.000558505 0 0 3.736 0 5 
0.02 0 0.053 0 -0.000558505 0 0 3.73578 0 5 
0.02 0 0.053 0 -0.000558505 0 0 3.73556 0 5 
0.02 0 0.053 0 -0.000558505 0 0 3.73534 0 5 
0.02 0 0.053 0 -0.000558505 0 0 3.73512 0 5 
0.02 0 0.053 0 -0.000558505 0 0 3.73491 0 5 
0.02 0 0.053 0 -0.000558505 0 0 3.7347 0 5 
0.02 0 0.053 0 -0.000558505 0 0 3.73448 0 5 
0.02 0 0.053 0 -0.000558505 0 0 3.73428 0 5 
0.02 0 0.053 0 -0.000558505 0 0 3.73407 0 5 
0.02 0 0.053 0 -0.000558505 0 0 3.73387 0 5 
0.02 0 0.053 0 -0.000558505 0 0 3.73366 0 5 
0.02 0 0.053 0 -0.000558505 0 0 3.73346 0 5 
0.02 0 0.053 0 -0.000558505 0 0 3.73327 0 5 
0.02 0 0.053 0 -0.000558505 0 0 3.73307 0 5 
0.02 0 0.053 0 -0.000558505 0 0 3.73288 0 5 
0.02 0 0.053 0 -0.000558505 0 0 3.73268 0 5 
0.02 0 0.053 0 -0.000558505 0 0 3.73249 0 5 
0.02 0 0.053 0 -0.000558505 0 0 3.73231 0 5 
0.02 0 0.053 0 -0.000558505 0 0 3.73212 0 5 
0.02 0 0.053 0 -0.000558505 0 0 3.73194 0 5 
0.02 0 0.053 0 -0.000558505 0 0 3.73175 0 5 
0.02 0 0.053 0 -0.000558505 0 0 3.73157 0 5 
0.02 0 0.053 0 -0.000558505 0 0 3.73139 0 5 
0.02 0 0.053 0 -0.000558505 0 0 3.73122 0 5 
0.02 0 0.053 0 -0.000558505 0 0 3.73104 0 5 
0.02 0 0.053 0 -0.000558505 0 0 3.73087 0 5 
0.02 0 0.053 0 -0.000558505 0 0 3.7307 0 5 
0.02 0 0.053 0 -0.000558505 0 0 3.73053 0 5 
0.02 0 0.053 0 -0.000558505 0 0 3.73036 0 5 
0.02 0 0.053 0 -0.000558505 0 0 3.73019 0 5 
0.02 0 0.053 0 -0.000558505 0 0 3.73003 0 5 
0.02 0 0.053 0 -0.000558505 0 0 3.72987 0 5 
0.02 0 0.053 0 -0.000558505 0 0 3.72971 0 5 
0.02 0 0.053 0 -0.000558505 0 0 3.72955 0 5 
0.02 0 0.053 0 -0.000558505 0 0 3.72939 0 5 
0.02 0 0.053 0 -0.000558505 0 0 3.72924 0 5 
0.02 0 0.053 0 -0.000558505 0 0 3.72908 0 5 
0.02 0 0.053 0 -0.000558505 0 0 3.72893 0 5 
0.02 0 0.053 0 -0.000558505 0 0 3.72878 0 5 
0.02 0 0.053 0 -0.000558505 0 0 3.72863 0 5 
0.02 0 0.053 0 -0.000558505 0 0 3.72848 0 5 
0.02 0 0.053 0 -0.000558505 0 0 3.72834 0 5 
0.02 0 0.053 0 -0.000558505 0 0 3.72819 0 5 
0.02 0 0.053 0 -0.000558505 0 0 3.72805 0 5 
0.02 0 0.053 0 -0.000558505 0 0 3.72791 0 5 
0.02 0 0.053 0 -0.000558505 0 0 3.72777 0 5 
0.02 0 0.053 0 -0.000558505 0 0 3.72763 0 5 
0.02 0 0.053 0 -0.000558505 0 0 3.7275 0 5 
0.02 0 0.053 0 -0.000558505 0 0 3.72736 0 5 
0.02 0 0.053 0 -0.000558505 0 0 3.72723 0 5 
0.02 0 0.053 0 -0.000558505 0 0 3.7271 0 5 
0.02 0 0.053 0 -0.000558505 0 0 3.72697 0 5 
0.02 0 0.053 0 -0.000558505 0 0 3.72684 0 5 
0.02 0 0.053 0 -0.000558505 0 0 3.72671 0 5 
0.02 0 0.053 0 -0.000558505 0 0 3.72659 0 5 
0.02 0 0.053 0 -0.000558505 0 0 3.72646 0 5 
0.02 0 0.053 0 -0.000558505 0 0 3.72634 0 5 
0.02 0 0.053 0 -0.000558505 0 0 3.72622 0 5 
0.02 0 0.053 0 -0.000558505 0 0 3.7261 0 5 
0.02 0 0.053 0 -0.000558505 0 0 3.72598 0 5 
0.02 0 0.053 0 -0.000558505 0 0 3.72587 0 5 
0.02 0 0.053 0 -0.000558505 0 0 3.72575 0 5 
0.02 0 0.053 0 -0.000558505 0 0 3.72564 0 5 
0.02 0 0.053 0 -0.000558505 0 0 3.72552 0 5 
0.02 0 0.053 0 -0.000558505 0 0 3.72541 0 5 
0.02 0 0.053 0 -0.000558505 0 0 3.7253 0 5 
0.02 0 0.053 0 -0.000558505 0 0 3.72519 0 5 
0.02 0 0.053 0 -0.000558505 0 0 3.72509 0 5 
0.02 0 0.053 0 -0.000558505 0 0 3.72498 0 5 
0.02 0 0.053 0 -0.000558505 0 0 3.72488 0 5 
0.02 0 0.053 0 -0.000558505 0 0 3.72477 0 5 
0.02 0 0.053 0 -0.000558505 0 0 3.72467 0 5 
0.02 0 0.053 0 -0.000558505 0 0 3.72457 0 5 
0.02 0 0.053 0 -0.000558505 0 0 3.72447 0 5 
0.02 0 0.053 0 -0.000558505 0 0 3.72437 0 5 
0.02 0 0.053 0 -0.000558505 0 0 3.72428 0 5 
0.02 0 0.053 0 -0.000558505 0 0 3.72418 0 5 
0.02 0 0.053 0 -0.000558505 0 0 3.72409 0 5 
0.02 0 0.053 0 -0.000558505 0 0 3.72399 0 5 
0.02 0 0.053 0 -0.000558505 0 0 3.7239 0 5 
0.02 0 0.053 0 -0.000558505 0 0 3.72381 0 5 
0.02 0 0.053 0 -0.000558505 0 0 3.72372 0 5 
0.02 0 0.053 0 -0.000558505 0 0 3.72363 0 5 
0.02 0 0.053 0 -0.000558505 0 0 3.72355 0 5 
0.02 0 0.053 0 -0.000558505 0 0 3.72346 0 5 
0.02 0 0.053 0 -0.000558505 0 0 3.72338 0 5 
0.02 0 0.053 0 -0.000558505 0 0 3.72329 0 5 
0.02 0 0.053 0 -0.000558505 0 0 3.72321 0 5 
0.02 0 0.053 0 -0.000558505 0 0 3.72313 0 5 
0.02 0 0.053 0 -0.000558505 0 0 3.72305 0 5 
0.02 0 0.053 0 -0.000558505 0 0 3.72297 0 5 
0.02 0 0.053 0 -0.000558505 0 0 3.72289 0 5 
0.02 0 0.053 0 -0.000558505 0 0 3.72282 0 5 
0.02 0 0.053 0 -0.000558505 0 0 3.72274 0 5 
0.02 0 0.053 0 -0.000558505 0 0 3.72267 0 5 
0.02 0 0.053 0 -0.000558505 0 0 3.72259 0 5 
0.02 0 0.053 0 -0.000558505 0 0 3.72252 0 5 
0.02 0 0.053 0 -0.000558505 0 0 3.72245 0 5 
0.02 0 0.053 0 -0.000558505 0 0 3.72238 0 5 
0.02 0 0.053 0 -0.000558505 0 0 3.72231 0 5 
0.02 0 0.053 0 -0.000558505 0 0 3.72224 0 5 
0.02 0 0.053 0 -0.000558505 0 0 3.72217 0 5 
0.02 0 0.053 0 -0.000558505 0 0 3.72211 0 5 
0.02 0 0.053 0 -0.000558505 0 0 3.72204 0 5 
0.02 0 0.053 0 -0.000558505 0 0 3.72198 0 5 
0.02 0 0.053 0 -0.000558505 0 0 3.72191 0 5 
0.02 0 0.053 0 -0.000558505 0 0 3.72185 0 5 
0.02 0 0.053 0 -0.000558505 0 0 3.72179 0 5 
0.02 0 0.053 0 -0.000558505 0 0 3.72173 0 5 
0.02 0 0.053 0 -0.000558505 0 0 3.72167 0 5 
0.02 0 0.053 0 -0.000558505 0 0 3.72161 0 5 
0.02 0 0.053 0 -0.000558505 0 0 3.72156 0 5 
0.02 0 0.053 0 -0.000558505 0 0 3.7215 0 5 
0.02 0 0.053 0 -0.000558505 0 0 3.72144 0 5 
0.02 0 0.053 0 -0.000558505 0 0 3.72139 0 5 
0.02 0 0.053 0 -0.000558505 0 0 3.72134 0 5 
0.02 0 0.053 0 -0.000558505 0 0 3.72128 0 5 
0.02 0 0.053 0 -0.000558505 0 0 3.72123 0 5 
0.02 0 0.053 0 -0.000558505 0 0 3.72118 0 5 
0.02 0 0.053 0 -0.000558505 0 0 3.72113 0 5 
0.02 0 0.053 0 -0.000558505 0 0 3.72108 0 5 
0.02 0 0.053 0 -0.000558505 0 0 3.72103 0 5 
0.02 0 0.053 0 -0.000558505 0 0 3.72098 0 5 
0.02 0 0.053 0 -0.000558505 0 0 3.72094 0 5 
0.02 0 0.053 0 -0.000558505 0 0 3.72089 0 5 
0.02 0 0.053 0 -0.000558505 0 0 3.72085 0 5 
0.02 0 0.053 0 -0.000558505 0 0 3.7208 0 5 
0.02 0 0.053 0 -0.000558505 0 0 3.72076 0 5 
0.02 0 0.053 0 -0.000558505 0 0 3.72072 0 5 
0.02 0 0.053 0 -0.000558505 0 0 3.72068 0 5 
0.02 0 0.053 0 -0.000558505 0 0 3.72064 0 5 
0.02 0 0.053 0 -0.000558505 0 0 3.7206 0 5 
0.02 0 0.053 0 -0.000558505 0 0 3.72056 0 5 
0.02 0 0.053 0 -0.000558505 0 0 3.72052 0 5 
0.02 0 0.053 0 -0.000558505 0 0 3.72048 0 5 
0.02 0 0.053 0 -0.000558505 0 0 3.72044 0 5 
0.02 0 0.053 0 -0.000558505 0 0 3.72041 0 5 
0.02 0 0.053 0 -0.000558505 0 0 3.72037 0 5 
0.02 0 0.053 0 -0.000558505 0 0 3.72034 0 5 
0.02 0 0.053 0 -0.000558505 0 0 3.7203 0 5 
0.02 0 0.053 0 -0.000558505 0 0 3.72027 0 5 
0.02 0 0.053 0 -0.000558505 0 0 3.72024 0 5 
0.02 0 0.053 0 -0.000558505 0 0 3.72021 0 5 
0.02 0 0.053 0 -0.000558505 0 0 3.72018 0 5 
0.02 0 0.053 0 -0.000558505 0 0 3.72015 0 5 
0.02 0 0.053 0 -0.000558505 0 0 3.72012 0 5 
0.02 0 0.053 0 -0.000558505 0 0 3.72009 0 5 
0.02 0 0.053 0 -0.000558505 0 0 3.72006 0 5 
0.02 0 0.053 0 -0.000558505 0 0 3.72003 0 5 
0.02 0 0.053 0 -0.000558505 0 0 3.72001 0 5 
0.02 0 0.053 0 -0.000558505 0 0 3.71998 0 5 
0.02 0 0.053 0 -0.000558505 0 0 3.71996 0 5 
